mbh_vs_mag_sph_sersic_noout.dat
y|x
a =        7.6505635 \pm     0.088498013
b =      -0.46794188 \pm     0.078945359
epsilon =       0.48356813 \pm     0.073930743
Delta =       0.53468698
----------------------------------------------
x|y
a =        7.6277173 \pm      0.12062008
b =      -0.78798637 \pm      0.13470471
epsilon =       0.63606875 \pm      0.14835647
Delta =       0.72398191
----------------------------------------------
bisector
a =        7.6399529 \pm      0.10578540
b =      -0.61658221 \pm      0.13754429
Delta =       0.59415261
----------------------------------------------
