Graham2011dataset.dat
y|x
a =        8.1615115 \pm     0.054883076
b =        5.1453601 \pm      0.37007881
epsilon =       0.32543236 \pm     0.052008995
Delta =       0.43237818
----------------------------------------------
x|y
a =        8.1802195 \pm     0.058984640
b =        5.9657942 \pm      0.42122626
epsilon =       0.34961634 \pm     0.062504306
Delta =       0.46873307
----------------------------------------------
bisector
a =        8.1701966 \pm     0.056970782
b =        5.5262427 \pm       2.6266119
Delta =       0.44479688
----------------------------------------------
